	1 
	1 
i=0 thresh=-40 t=0.585523 v=-39.9989
i=1 thresh=-30 t=0.822057 v=-30.0079
i=2 thresh=-20 t=0.897462 v=-20.0108
