	1 
	1 
i=0 thresh=-40 t=0.585519 v=-39.9993
i=1 thresh=-30 t=0.821731 v=-30.0278
i=2 thresh=-20 t=0.895491 v=-20.3399
