	1 
	1 
i=0 thresh=-40 t=0.585523 v=-39.9989
i=1 thresh=-30 t=0.822018 v=-30.0074
i=2 thresh=-20 t=0.897368 v=-20.0201
