	1 
	1 
i=0 thresh=-40 t=0.585519 v=-39.9991
i=1 thresh=-30 t=0.821682 v=-30.0285
i=2 thresh=-20 t=0.896016 v=-20.2403
